Luke Kennard,37,36,35.5,6.4,13.1,.489,4.0,7.7,.525,2.4,5.4,.438,4.3,5.1,.856,1.2,3.9,5.1,2.5,0.8,0.4,1.6,2.2,19.5,1
Jayson Tatum,29,27,33.3,5.7,12.6,.452,4.3,8.6,.504,1.4,4.0,.342,4.1,4.8,.849,1.3,6.0,7.3,2.1,1.3,1.1,2.6,3.0,16.8,1
Grayson Allen,34,25,29.6,4.1,10.5,.395,1.8,4.0,.444,2.4,6.5,.365,3.8,4.7,.811,0.7,3.1,3.7,3.5,0.8,0.1,2.2,2.3,14.5,1
Frank Jackson,36,16,24.9,3.7,7.8,.473,2.3,4.2,.539,1.4,3.6,.395,2.1,2.8,.755,0.6,1.9,2.5,1.7,0.6,0.1,1.4,2.4,10.9,1
Amile Jefferson,35,35,29.7,4.2,6.8,.613,4.2,6.8,.613,0.0,0.0,,2.6,4.1,.629,2.4,6.0,8.4,1.5,0.7,1.9,1.4,2.7,10.9,1
Matt Jones,37,33,32.9,2.6,6.4,.399,1.2,2.5,.489,1.4,3.9,.342,0.5,0.7,.731,1.0,1.8,2.8,1.9,1.7,0.2,1.1,2.3,7.0,0
Harry Giles,26,6,11.5,1.7,3.0,.577,1.7,3.0,.577,0.0,0.0,,0.5,0.9,.500,1.6,2.3,3.8,0.3,0.3,0.7,0.7,2.2,3.9,1
Chase Jeter,16,6,14.9,0.8,1.6,.500,0.8,1.6,.500,0.0,0.0,,0.9,1.7,.556,1.1,1.6,2.7,0.4,0.4,1.1,1.1,1.9,2.6,0
Antonio Vrankovic,13,0,7.8,1.0,1.5,.684,1.0,1.5,.684,0.0,0.0,,0.5,0.8,.636,1.2,1.4,2.6,0.4,0.0,0.3,0.5,1.2,2.5,0
Jack White,10,0,6.1,0.6,0.9,.667,0.5,0.7,.714,0.1,0.2,.500,0.8,1.0,.800,0.2,1.1,1.3,0.1,0.1,0.2,0.4,0.5,2.1,0
Javin DeLaurier,12,0,7.2,0.8,0.9,.818,0.8,0.8,.900,0.0,0.1,.000,0.1,0.3,.250,0.7,1.3,1.9,0.1,0.3,0.3,0.7,1.8,1.6,0
Marques Bolden,24,1,6.5,0.7,1.5,.457,0.7,1.5,.457,0.0,0.0,,0.2,0.3,.625,0.6,0.5,1.1,0.1,0.1,0.3,0.5,1.3,1.5,0
Justin Robinson,6,0,1.7,0.0,0.0,,0.0,0.0,,0.0,0.0,,0.2,0.3,.500,0.0,0.2,0.2,0.0,0.0,0.0,0.0,0.0,0.2,0
Brennan Besser,1,0,2.0,0.0,1.0,.000,0.0,0.0,,0.0,1.0,.000,0.0,0.0,,0.0,0.0,0.0,0.0,0.0,0.0,0.0,1.0,0.0,0
Nick Pagliuca,5,0,1.6,0.0,0.4,.000,0.0,0.0,,0.0,0.4,.000,0.0,0.0,,0.0,0.0,0.0,0.4,0.0,0.0,0.0,0.0,0.0,0
Grayson Allen,36,35,36.6,6.6,14.3,.466,4.1,8.3,.502,2.5,6.0,.417,5.9,7.0,.837,0.7,3.9,4.6,3.5,1.3,0.1,2.0,2.7,21.6,1
Brandon Ingram,36,34,34.6,5.9,13.4,.442,3.7,8.0,.464,2.2,5.4,.410,3.2,4.7,.682,1.9,4.9,6.8,2.0,1.1,1.4,2.0,2.1,17.3,1
Luke Kennard,36,11,26.7,3.9,9.3,.421,2.4,4.5,.528,1.5,4.8,.320,2.4,2.8,.889,1.0,2.6,3.6,1.5,0.9,0.2,0.8,1.9,11.8,1
Amile Jefferson,9,9,30.3,4.6,6.7,.683,4.6,6.7,.683,0.0,0.0,,2.3,4.2,.553,4.8,5.6,10.3,1.4,1.0,1.1,1.7,2.6,11.4,0
Matt Jones,35,35,31.8,3.5,8.7,.408,1.4,3.5,.397,2.2,5.2,.415,1.1,1.5,.736,1.0,1.5,2.5,2.3,1.0,0.2,1.1,2.6,10.4,1
Marshall Plumlee,36,36,30.5,2.9,4.3,.688,2.9,4.3,.688,0.0,0.0,,2.4,4.3,.575,3.3,5.3,8.6,1.1,0.8,1.6,1.1,2.8,8.3,0
Derryck Thornton,36,20,26.0,2.6,6.7,.390,1.9,4.4,.424,0.8,2.3,.325,1.1,1.6,.690,0.3,1.6,1.8,2.5,0.8,0.2,1.6,2.1,7.1,1
Chase Jeter,32,0,7.9,0.7,1.2,.553,0.7,1.2,.553,0.0,0.0,,0.6,1.2,.541,0.8,1.1,1.9,0.1,0.1,0.3,0.6,1.8,1.9,0
Antonio Vrankovic,5,0,2.8,0.4,0.4,1.000,0.4,0.4,1.000,0.0,0.0,,0.0,0.0,,0.4,1.0,1.4,0.0,0.2,0.2,0.6,0.6,0.8,0
Sean Obi,10,0,2.7,0.1,0.2,.500,0.1,0.2,.500,0.0,0.0,,0.3,0.6,.500,0.6,0.4,1.0,0.0,0.0,0.1,0.2,0.8,0.5,0
Brennan Besser,1,0,1.0,0.0,1.0,.000,0.0,0.0,,0.0,1.0,.000,0.0,0.0,,0.0,0.0,0.0,0.0,0.0,0.0,0.0,0.0,0.0,0
Nick Pagliuca,10,0,1.0,0.0,0.1,.000,0.0,0.0,,0.0,0.1,.000,0.0,0.0,,0.1,0.3,0.4,0.0,0.1,0.0,0.1,0.1,0.0,0
Grayson Allen,36,35,36.6,6.6,14.3,.466,4.1,8.3,.502,2.5,6.0,.417,5.9,7.0,.837,0.7,3.9,4.6,3.5,1.3,0.1,2.0,2.7,21.6,1
Brandon Ingram,36,34,34.6,5.9,13.4,.442,3.7,8.0,.464,2.2,5.4,.410,3.2,4.7,.682,1.9,4.9,6.8,2.0,1.1,1.4,2.0,2.1,17.3,1
Luke Kennard,36,11,26.7,3.9,9.3,.421,2.4,4.5,.528,1.5,4.8,.320,2.4,2.8,.889,1.0,2.6,3.6,1.5,0.9,0.2,0.8,1.9,11.8,1
Amile Jefferson,9,9,30.3,4.6,6.7,.683,4.6,6.7,.683,0.0,0.0,,2.3,4.2,.553,4.8,5.6,10.3,1.4,1.0,1.1,1.7,2.6,11.4,0
Matt Jones,35,35,31.8,3.5,8.7,.408,1.4,3.5,.397,2.2,5.2,.415,1.1,1.5,.736,1.0,1.5,2.5,2.3,1.0,0.2,1.1,2.6,10.4,1
Marshall Plumlee,36,36,30.5,2.9,4.3,.688,2.9,4.3,.688,0.0,0.0,,2.4,4.3,.575,3.3,5.3,8.6,1.1,0.8,1.6,1.1,2.8,8.3,0
Derryck Thornton,36,20,26.0,2.6,6.7,.390,1.9,4.4,.424,0.8,2.3,.325,1.1,1.6,.690,0.3,1.6,1.8,2.5,0.8,0.2,1.6,2.1,7.1,1
Chase Jeter,32,0,7.9,0.7,1.2,.553,0.7,1.2,.553,0.0,0.0,,0.6,1.2,.541,0.8,1.1,1.9,0.1,0.1,0.3,0.6,1.8,1.9,0
Antonio Vrankovic,5,0,2.8,0.4,0.4,1.000,0.4,0.4,1.000,0.0,0.0,,0.0,0.0,,0.4,1.0,1.4,0.0,0.2,0.2,0.6,0.6,0.8,0
Sean Obi,10,0,2.7,0.1,0.2,.500,0.1,0.2,.500,0.0,0.0,,0.3,0.6,.500,0.6,0.4,1.0,0.0,0.0,0.1,0.2,0.8,0.5,0
Brennan Besser,1,0,1.0,0.0,1.0,.000,0.0,0.0,,0.0,1.0,.000,0.0,0.0,,0.0,0.0,0.0,0.0,0.0,0.0,0.0,0.0,0.0,0
Nick Pagliuca,10,0,1.0,0.0,0.1,.000,0.0,0.0,,0.0,0.1,.000,0.0,0.0,,0.1,0.3,0.4,0.0,0.1,0.0,0.1,0.1,0.0,0
Luke Kennard,37,36,35.5,6.4,13.1,.489,4.0,7.7,.525,2.4,5.4,.438,4.3,5.1,.856,1.2,3.9,5.1,2.5,0.8,0.4,1.6,2.2,19.5,1
Jayson Tatum,29,27,33.3,5.7,12.6,.452,4.3,8.6,.504,1.4,4.0,.342,4.1,4.8,.849,1.3,6.0,7.3,2.1,1.3,1.1,2.6,3.0,16.8,1
Grayson Allen,34,25,29.6,4.1,10.5,.395,1.8,4.0,.444,2.4,6.5,.365,3.8,4.7,.811,0.7,3.1,3.7,3.5,0.8,0.1,2.2,2.3,14.5,1
Frank Jackson,36,16,24.9,3.7,7.8,.473,2.3,4.2,.539,1.4,3.6,.395,2.1,2.8,.755,0.6,1.9,2.5,1.7,0.6,0.1,1.4,2.4,10.9,1
Amile Jefferson,35,35,29.7,4.2,6.8,.613,4.2,6.8,.613,0.0,0.0,,2.6,4.1,.629,2.4,6.0,8.4,1.5,0.7,1.9,1.4,2.7,10.9,1
Matt Jones,37,33,32.9,2.6,6.4,.399,1.2,2.5,.489,1.4,3.9,.342,0.5,0.7,.731,1.0,1.8,2.8,1.9,1.7,0.2,1.1,2.3,7.0,0
Harry Giles,26,6,11.5,1.7,3.0,.577,1.7,3.0,.577,0.0,0.0,,0.5,0.9,.500,1.6,2.3,3.8,0.3,0.3,0.7,0.7,2.2,3.9,1
Chase Jeter,16,6,14.9,0.8,1.6,.500,0.8,1.6,.500,0.0,0.0,,0.9,1.7,.556,1.1,1.6,2.7,0.4,0.4,1.1,1.1,1.9,2.6,0
Antonio Vrankovic,13,0,7.8,1.0,1.5,.684,1.0,1.5,.684,0.0,0.0,,0.5,0.8,.636,1.2,1.4,2.6,0.4,0.0,0.3,0.5,1.2,2.5,0
Jack White,10,0,6.1,0.6,0.9,.667,0.5,0.7,.714,0.1,0.2,.500,0.8,1.0,.800,0.2,1.1,1.3,0.1,0.1,0.2,0.4,0.5,2.1,0
Javin DeLaurier,12,0,7.2,0.8,0.9,.818,0.8,0.8,.900,0.0,0.1,.000,0.1,0.3,.250,0.7,1.3,1.9,0.1,0.3,0.3,0.7,1.8,1.6,0
Marques Bolden,24,1,6.5,0.7,1.5,.457,0.7,1.5,.457,0.0,0.0,,0.2,0.3,.625,0.6,0.5,1.1,0.1,0.1,0.3,0.5,1.3,1.5,0
Justin Robinson,6,0,1.7,0.0,0.0,,0.0,0.0,,0.0,0.0,,0.2,0.3,.500,0.0,0.2,0.2,0.0,0.0,0.0,0.0,0.0,0.2,0
Brennan Besser,1,0,2.0,0.0,1.0,.000,0.0,0.0,,0.0,1.0,.000,0.0,0.0,,0.0,0.0,0.0,0.0,0.0,0.0,0.0,1.0,0.0,0
Nick Pagliuca,5,0,1.6,0.0,0.4,.000,0.0,0.0,,0.0,0.4,.000,0.0,0.0,,0.0,0.0,0.0,0.4,0.0,0.0,0.0,0.0,0.0,0
Jabari Parker,35,35,30.7,6.7,14.3,.473,5.7,11.2,.504,1.1,3.0,.358,4.6,6.1,.748,3.0,5.7,8.7,1.2,1.1,1.2,2.3,2.4,19.1,1
Rodney Hood,35,33,32.9,5.5,11.8,.464,3.4,6.9,.494,2.0,4.8,.420,3.1,3.9,.807,0.8,3.1,3.9,2.1,0.7,0.3,1.5,2.6,16.1,1
Quinn Cook,35,22,29.8,3.9,9.1,.432,2.1,4.1,.507,1.9,5.0,.371,1.9,2.3,.827,0.4,1.8,2.2,4.4,1.3,0.0,1.6,1.9,11.6,1
Rasheed Sulaimon,34,17,25.6,2.9,7.2,.402,1.6,4.1,.397,1.3,3.1,.410,2.8,3.7,.768,0.5,1.9,2.4,2.4,0.8,0.0,1.1,2.2,9.9,0
Andre Dawkins,33,4,13.7,2.5,5.7,.444,0.6,1.1,.541,1.9,4.6,.421,0.9,1.1,.811,0.2,1.1,1.3,0.4,0.5,0.2,0.5,1.3,7.9,1
Amile Jefferson,35,26,22.7,2.7,4.2,.644,2.7,4.2,.644,0.0,0.0,,1.1,2.3,.494,2.9,4.0,6.9,1.0,0.7,0.6,0.7,2.7,6.5,1
Tyler Thornton,35,25,21.3,0.9,2.1,.427,0.1,0.4,.333,0.8,1.7,.450,0.5,0.6,.857,0.5,1.4,1.8,2.4,1.3,0.0,0.7,2.9,3.1,0
Matt Jones,32,4,7.3,0.5,1.6,.294,0.4,0.9,.400,0.1,0.7,.143,0.7,1.3,.561,0.3,0.5,0.8,0.2,0.3,0.0,0.1,0.8,1.8,0
Semi Ojeleye,17,0,4.7,0.4,0.8,.500,0.2,0.4,.429,0.2,0.4,.571,0.6,0.6,.909,0.4,0.5,0.9,0.1,0.2,0.2,0.3,0.4,1.6,0
Josh Hairston,30,9,9.5,0.6,1.2,.486,0.6,1.1,.500,0.0,0.0,.000,0.3,0.5,.643,0.7,0.6,1.3,0.4,0.1,0.1,0.3,2.2,1.4,1
Marshall Plumlee,30,0,8.4,0.5,1.0,.552,0.5,1.0,.552,0.0,0.0,,0.2,0.6,.353,1.2,1.0,2.2,0.3,0.2,0.6,0.3,1.0,1.3,1
Alex Murphy,5,0,6.6,0.2,1.2,.167,0.0,0.2,.000,0.2,1.0,.200,0.4,0.8,.500,0.4,0.6,1.0,0.4,0.0,0.0,0.2,0.6,1.0,0
Nick Pagliuca,3,0,1.7,0.0,0.3,.000,0.0,0.3,.000,0.0,0.0,,0.3,0.7,.500,0.3,0.3,0.7,0.0,0.0,0.0,0.0,0.0,0.3,0
Todd Zafirovski,3,0,1.3,0.0,0.0,,0.0,0.0,,0.0,0.0,,0.0,0.0,,0.0,0.3,0.3,0.0,0.0,0.0,0.0,0.3,0.0,0
Seth Curry,35,35,32.3,5.6,12.1,.465,2.9,5.9,.493,2.7,6.2,.438,3.5,4.3,.809,0.6,2.0,2.5,1.5,0.9,0.2,1.2,1.7,17.5,1
Mason Plumlee,36,36,34.7,6.1,10.3,.599,6.1,10.3,.599,0.0,0.0,,4.8,7.1,.681,2.7,7.2,9.9,1.9,1.0,1.4,2.9,2.6,17.1,1
Ryan Kelly,23,23,28.9,4.2,9.2,.453,2.7,5.6,.473,1.5,3.6,.422,3.0,3.7,.812,1.6,3.7,5.3,1.7,0.7,1.6,1.0,2.4,12.9,1
Quinn Cook,36,34,33.6,4.2,10.1,.416,2.7,6.2,.430,1.5,3.9,.393,1.8,2.0,.877,0.5,3.3,3.8,5.3,1.4,0.1,2.2,2.7,11.7,0
Rasheed Sulaimon,36,33,29.2,3.8,9.0,.424,2.4,5.3,.461,1.4,3.7,.371,2.6,3.2,.802,0.5,2.9,3.4,1.9,0.8,0.1,1.3,2.2,11.6,1
Amile Jefferson,32,7,12.7,1.6,2.9,.543,1.6,2.9,.543,0.0,0.0,,0.8,1.3,.610,1.3,1.6,2.9,0.2,0.4,0.5,0.4,1.7,4.0,0
Tyler Thornton,36,6,22.0,1.1,2.8,.406,0.3,0.6,.455,0.9,2.2,.392,0.5,0.7,.680,0.5,1.8,2.3,2.2,1.3,0.1,1.1,2.8,3.6,1
Josh Hairston,35,6,12.7,1.0,2.3,.450,1.0,2.3,.456,0.0,0.0,.000,0.5,0.7,.692,0.8,1.3,2.1,0.2,0.1,0.2,0.5,2.4,2.6,0
Alex Murphy,31,0,6.3,0.9,1.8,.491,0.7,1.0,.710,0.2,0.8,.208,0.2,0.4,.417,0.3,0.7,1.0,0.0,0.2,0.1,0.4,0.6,2.1,0
Todd Zafirovski,7,0,2.3,0.3,0.6,.500,0.3,0.6,.500,0.0,0.0,,0.1,0.6,.250,0.1,0.3,0.4,0.0,0.1,0.1,0.0,0.4,0.7,0
Marshall Plumlee,19,0,2.6,0.1,0.4,.125,0.1,0.4,.125,0.0,0.0,,0.0,0.4,.000,0.3,0.3,0.6,0.1,0.2,0.2,0.3,0.3,0.1,1
Jahlil Okafor,38,38,30.1,7.3,11.1,.664,7.3,11.1,.664,0.0,0.0,,2.6,5.1,.510,3.5,4.9,8.5,1.3,0.8,1.4,2.5,2.1,17.3,1
Quinn Cook,39,39,35.8,5.1,11.3,.453,2.5,4.6,.536,2.6,6.6,.395,2.5,2.8,.891,0.4,3.0,3.4,2.6,1.0,0.0,1.2,1.9,15.3,1
Justise Winslow,39,39,29.1,4.4,9.1,.486,3.3,6.3,.516,1.2,2.8,.418,2.6,4.0,.641,1.3,5.2,6.5,2.1,1.3,0.9,1.8,2.8,12.6,1
Tyus Jones,39,39,33.9,3.5,8.3,.417,2.3,5.1,.440,1.2,3.2,.379,3.7,4.2,.889,0.5,3.0,3.5,5.6,1.5,0.1,1.9,1.2,11.8,1
Rasheed Sulaimon,20,0,19.3,2.6,6.3,.413,1.5,3.5,.420,1.2,2.9,.404,1.1,1.7,.667,0.2,1.8,2.0,1.8,1.0,0.1,1.3,2.0,7.5,1
Amile Jefferson,39,26,21.3,2.4,3.8,.631,2.4,3.8,.631,0.0,0.0,,1.3,2.4,.554,2.3,3.5,5.8,0.8,0.6,0.7,1.1,1.9,6.1,0
Matt Jones,39,14,21.7,2.2,5.3,.410,1.1,2.5,.448,1.1,2.8,.376,0.6,0.9,.714,0.9,1.5,2.3,1.0,0.9,0.1,0.7,1.7,6.0,1
Grayson Allen,35,0,9.2,1.3,3.0,.425,0.8,1.5,.500,0.5,1.5,.346,1.3,1.5,.849,0.3,0.7,1.0,0.4,0.3,0.1,0.4,1.2,4.4,0
Semi Ojeleye,6,0,10.5,0.8,3.0,.278,0.2,0.3,.500,0.7,2.7,.250,0.7,1.2,.571,0.5,1.8,2.3,0.2,0.5,0.0,0.0,1.8,3.0,1
Marshall Plumlee,39,0,9.6,0.8,1.1,.762,0.8,1.1,.756,0.0,0.0,1.000,0.6,0.8,.710,1.0,1.4,2.4,0.3,0.2,0.6,0.4,1.5,2.2,1
Nick Pagliuca,11,0,1.6,0.1,0.5,.200,0.0,0.1,.000,0.1,0.4,.250,0.0,0.0,,0.2,0.2,0.4,0.1,0.0,0.0,0.0,0.4,0.3,0
Sean Kelly,10,0,1.2,0.0,0.1,.000,0.0,0.0,,0.0,0.1,.000,0.0,0.0,,0.0,0.0,0.0,0.2,0.0,0.0,0.0,0.0,0.0,0
Grayson Allen,36,35,36.6,6.6,14.3,.466,4.1,8.3,.502,2.5,6.0,.417,5.9,7.0,.837,0.7,3.9,4.6,3.5,1.3,0.1,2.0,2.7,21.6,1
Brandon Ingram,36,34,34.6,5.9,13.4,.442,3.7,8.0,.464,2.2,5.4,.410,3.2,4.7,.682,1.9,4.9,6.8,2.0,1.1,1.4,2.0,2.1,17.3,1
Luke Kennard,36,11,26.7,3.9,9.3,.421,2.4,4.5,.528,1.5,4.8,.320,2.4,2.8,.889,1.0,2.6,3.6,1.5,0.9,0.2,0.8,1.9,11.8,1
Amile Jefferson,9,9,30.3,4.6,6.7,.683,4.6,6.7,.683,0.0,0.0,,2.3,4.2,.553,4.8,5.6,10.3,1.4,1.0,1.1,1.7,2.6,11.4,0
Matt Jones,35,35,31.8,3.5,8.7,.408,1.4,3.5,.397,2.2,5.2,.415,1.1,1.5,.736,1.0,1.5,2.5,2.3,1.0,0.2,1.1,2.6,10.4,1
Marshall Plumlee,36,36,30.5,2.9,4.3,.688,2.9,4.3,.688,0.0,0.0,,2.4,4.3,.575,3.3,5.3,8.6,1.1,0.8,1.6,1.1,2.8,8.3,0
Derryck Thornton,36,20,26.0,2.6,6.7,.390,1.9,4.4,.424,0.8,2.3,.325,1.1,1.6,.690,0.3,1.6,1.8,2.5,0.8,0.2,1.6,2.1,7.1,1
Chase Jeter,32,0,7.9,0.7,1.2,.553,0.7,1.2,.553,0.0,0.0,,0.6,1.2,.541,0.8,1.1,1.9,0.1,0.1,0.3,0.6,1.8,1.9,0
Antonio Vrankovic,5,0,2.8,0.4,0.4,1.000,0.4,0.4,1.000,0.0,0.0,,0.0,0.0,,0.4,1.0,1.4,0.0,0.2,0.2,0.6,0.6,0.8,0
Sean Obi,10,0,2.7,0.1,0.2,.500,0.1,0.2,.500,0.0,0.0,,0.3,0.6,.500,0.6,0.4,1.0,0.0,0.0,0.1,0.2,0.8,0.5,0
Brennan Besser,1,0,1.0,0.0,1.0,.000,0.0,0.0,,0.0,1.0,.000,0.0,0.0,,0.0,0.0,0.0,0.0,0.0,0.0,0.0,0.0,0.0,0
Nick Pagliuca,10,0,1.0,0.0,0.1,.000,0.0,0.0,,0.0,0.1,.000,0.0,0.0,,0.1,0.3,0.4,0.0,0.1,0.0,0.1,0.1,0.0,0
